site avenue street desiredtime value
1 99 54 118 70.8
2 58 115 218 130.8
3 71 159 73 43.8
4 52 142 65 39
5 20 86 55 33
6 81 64 59 35.4
7 56 190 185 111
8 77 183 145 87
9 76 52 165 99
10 99 147 97 58.2
11 57 195 82 49.2
12 14 167 120 72
13 74 129 199 119.4
14 28 134 32 19.2
15 71 184 192 115.2
16 14 80 163 97.8
17 7 45 69 41.4
18 35 193 211 126.6
19 0 107 38 22.8
20 93 105 164 98.4
21 70 166 171 102.6
22 16 144 225 135
23 12 109 35 21
24 85 73 82 49.2
25 92 185 158 94.8
26 47 92 183 109.8
27 8 122 90 54
28 27 111 167 100.2
29 9 96 79 47.4
30 27 52 125 75
31 50 141 173 103.8
32 79 108 222 133.2
33 69 82 218 130.8
34 22 14 161 96.6
35 96 177 195 117
36 23 100 222 133.2
37 69 151 88 52.8
38 95 141 146 87.6
39 48 112 53 31.8
40 3 3 222 133.2
41 32 145 187 112.2
42 39 182 137 82.2
43 37 112 38 22.8
44 43 185 228 136.8
45 37 152 119 71.4
46 90 26 160 96
47 78 19 61 36.6
48 71 121 80 48
49 26 112 165 99
50 33 44 210 126
51 58 63 156 93.6
52 34 192 159 95.4
53 56 39 212 127.2
54 76 88 196 117.6
55 90 94 118 70.8
56 24 40 80 48
57 57 138 129 77.4
58 8 72 153 91.8
59 29 101 90 54
60 15 127 229 137.4
61 43 59 42 25.2
62 20 137 229 137.4
63 33 26 49 29.4
64 25 69 141 84.6
65 72 90 165 99
66 39 173 75 45
67 27 64 153 91.8
68 90 88 175 105
69 20 45 129 77.4
70 57 86 183 109.8
71 57 132 37 22.2
72 29 62 124 74.4
73 84 131 72 43.2
74 95 191 67 40.2
75 87 168 42 25.2
76 74 175 129 77.4
77 64 88 190 114
78 72 171 124 74.4
79 9 158 120 72
80 21 93 228 136.8
81 36 100 111 66.6
82 65 37 202 121.2
83 34 106 85 51
84 21 91 74 44.4
85 26 59 49 29.4
86 56 105 110 66
87 16 188 166 99.6
88 43 34 100 60
89 60 131 34 20.4
90 76 55 76 45.6
91 10 7 182 109.2
92 48 49 185 111
93 28 69 43 25.8
94 5 130 127 76.2
95 29 114 216 129.6
96 63 134 88 52.8
97 46 180 54 32.4
98 93 190 120 72
99 53 49 89 53.4
100 74 66 101 60.6
    
site day beginhour endhour
1 1 9 12
2 1 11 13
3 1 10 12
4 1 9 18
5 1 11 12
6 1 11 17
7 1 10 19
8 1 11 13
9 1 10 11
10 1 10 13
11 1 10 13
12 1 11 14
13 1 11 13
14 1 9 12
15 1 10 12
16 1 11 18
17 1 9 13
18 1 10 16
19 1 11 13
20 1 11 17
21 1 10 12
22 1 9 20
23 1 9 14
24 1 9 13
25 1 9 20
26 1 11 15
27 1 10 11
28 1 9 13
29 1 10 17
30 1 10 15
31 1 11 19
32 1 10 18
33 1 9 15
34 1 9 14
35 1 9 13
36 1 9 16
37 1 9 14
38 1 10 12
39 1 10 14
40 1 11 17
41 1 10 13
42 1 10 11
43 1 11 14
44 1 10 14
45 1 11 11
46 1 10 18
47 1 11 20
48 1 10 19
49 1 9 17
50 1 11 16
51 1 10 13
52 1 11 20
53 1 11 15
54 1 10 13
55 1 9 11
56 1 9 14
57 1 9 11
58 1 11 14
59 1 10 16
60 1 11 17
61 1 11 18
62 1 10 20
63 1 10 11
64 1 10 20
65 1 10 11
66 1 9 12
67 1 10 18
68 1 9 16
69 1 11 20
70 1 9 17
71 1 9 11
72 1 10 18
73 1 9 18
74 1 10 13
75 1 11 19
76 1 11 20
77 1 11 14
78 1 11 18
79 1 10 20
80 1 9 19
81 1 9 20
82 1 11 17
83 1 9 15
84 1 9 20
85 1 10 13
86 1 9 16
87 1 11 19
88 1 11 16
89 1 9 12
90 1 11 20
91 1 9 14
92 1 11 19
93 1 10 20
94 1 11 13
95 1 10 13
96 1 9 19
97 1 10 13
98 1 10 14
99 1 11 16
100 1 11 11
1 2 10 14
2 2 9 17
3 2 10 16
4 2 9 15
5 2 9 14
6 2 10 19
7 2 9 17
8 2 10 19
9 2 10 18
10 2 10 18
11 2 9 13
12 2 9 11
13 2 11 19
14 2 10 13
15 2 9 17
16 2 10 13
17 2 9 16
18 2 9 15
19 2 11 20
20 2 9 17
21 2 11 11
22 2 9 20
23 2 9 14
24 2 10 19
25 2 10 18
26 2 11 18
27 2 10 17
28 2 10 19
29 2 11 20
30 2 10 20
31 2 10 14
32 2 10 13
33 2 11 19
34 2 9 14
35 2 11 14
36 2 11 18
37 2 10 20
38 2 11 11
39 2 10 16
40 2 9 12
41 2 10 20
42 2 10 11
43 2 10 19
44 2 9 19
45 2 11 15
46 2 10 13
47 2 11 16
48 2 11 19
49 2 9 19
50 2 10 16
51 2 10 15
52 2 10 14
53 2 11 15
54 2 11 17
55 2 11 18
56 2 11 11
57 2 11 16
58 2 10 13
59 2 9 13
60 2 11 11
61 2 10 15
62 2 11 11
63 2 11 11
64 2 9 19
65 2 11 11
66 2 10 16
67 2 11 16
68 2 10 20
69 2 10 13
70 2 9 12
71 2 10 20
72 2 11 12
73 2 10 11
74 2 11 20
75 2 11 14
76 2 11 12
77 2 10 13
78 2 10 20
79 2 9 16
80 2 10 14
81 2 9 18
82 2 11 18
83 2 9 15
84 2 10 17
85 2 9 20
86 2 9 14
87 2 11 16
88 2 9 16
89 2 9 20
90 2 10 15
91 2 9 12
92 2 10 19
93 2 10 16
94 2 9 20
95 2 9 15
96 2 11 19
97 2 9 12
98 2 11 12
99 2 10 15
100 2 9 20
1 3 9 19
2 3 11 16
3 3 11 16
4 3 9 16
5 3 10 16
6 3 9 17
7 3 11 11
8 3 11 15
9 3 11 15
10 3 10 12
11 3 11 16
12 3 10 20
13 3 11 14
14 3 10 18
15 3 11 16
16 3 9 17
17 3 11 16
18 3 10 13
19 3 9 11
20 3 9 20
21 3 10 18
22 3 10 19
23 3 9 16
24 3 11 20
25 3 11 20
26 3 11 20
27 3 10 18
28 3 9 12
29 3 10 12
30 3 11 13
31 3 9 18
32 3 10 20
33 3 11 20
34 3 11 16
35 3 10 18
36 3 9 18
37 3 11 12
38 3 9 17
39 3 11 12
40 3 9 17
41 3 11 12
42 3 9 14
43 3 11 14
44 3 11 15
45 3 11 19
46 3 11 12
47 3 11 15
48 3 9 11
49 3 11 17
50 3 10 12
51 3 9 20
52 3 10 15
53 3 10 17
54 3 9 15
55 3 9 15
56 3 9 15
57 3 9 18
58 3 9 20
59 3 9 15
60 3 11 19
61 3 9 18
62 3 9 16
63 3 9 18
64 3 10 16
65 3 10 14
66 3 9 13
67 3 9 20
68 3 9 19
69 3 11 15
70 3 11 13
71 3 9 18
72 3 11 19
73 3 10 11
74 3 9 18
75 3 9 20
76 3 10 17
77 3 9 17
78 3 10 19
79 3 11 12
80 3 9 13
81 3 10 11
82 3 11 19
83 3 11 12
84 3 9 15
85 3 10 16
86 3 10 16
87 3 9 14
88 3 9 15
89 3 10 14
90 3 11 19
91 3 11 14
92 3 9 18
93 3 9 16
94 3 11 20
95 3 9 11
96 3 11 11
97 3 11 15
98 3 9 13
99 3 11 11
100 3 11 16
1 4 9 19
2 4 11 16
3 4 11 16
4 4 9 16
5 4 10 16
6 4 9 17
7 4 11 11
8 4 11 15
9 4 11 15
10 4 10 12
11 4 11 16
12 4 10 20
13 4 11 14
14 4 10 18
15 4 11 16
16 4 9 17
17 4 11 16
18 4 10 13
19 4 9 11
20 4 9 20
21 4 10 18
22 4 10 19
23 4 9 16
24 4 11 20
25 4 11 20
26 4 11 20
27 4 10 18
28 4 9 12
29 4 10 12
30 4 11 13
31 4 9 18
32 4 10 20
33 4 11 20
34 4 11 16
35 4 10 18
36 4 9 18
37 4 11 12
38 4 9 17
39 4 11 12
40 4 9 17
41 4 11 12
42 4 9 14
43 4 11 14
44 4 11 15
45 4 11 19
46 4 11 12
47 4 11 15
48 4 9 11
49 4 11 17
50 4 10 12
51 4 9 20
52 4 10 15
53 4 10 17
54 4 9 15
55 4 9 15
56 4 9 15
57 4 9 18
58 4 9 20
59 4 9 15
60 4 11 19
61 4 9 18
62 4 9 16
63 4 9 18
64 4 10 16
65 4 10 14
66 4 9 13
67 4 9 20
68 4 9 19
69 4 11 15
70 4 11 13
71 4 9 18
72 4 11 19
73 4 10 11
74 4 9 18
75 4 9 20
76 4 10 17
77 4 9 17
78 4 10 19
79 4 11 12
80 4 9 13
81 4 10 11
82 4 11 19
83 4 11 12
84 4 9 15
85 4 10 16
86 4 10 16
87 4 9 14
88 4 9 15
89 4 10 14
90 4 11 19
91 4 11 14
92 4 9 18
93 4 9 16
94 4 11 20
95 4 9 11
96 4 11 11
97 4 11 15
98 4 9 13
99 4 11 11
100 4 11 16
1 5 9 19
2 5 11 16
3 5 11 16
4 5 9 16
5 5 10 16
6 5 9 17
7 5 11 11
8 5 11 15
9 5 11 15
10 5 10 12
11 5 11 16
12 5 10 20
13 5 11 14
14 5 10 18
15 5 11 16
16 5 9 17
17 5 11 16
18 5 10 13
19 5 9 11
20 5 9 20
21 5 10 18
22 5 10 19
23 5 9 16
24 5 11 20
25 5 11 20
26 5 11 20
27 5 10 18
28 5 9 12
29 5 10 12
30 5 11 13
31 5 9 18
32 5 10 20
33 5 11 20
34 5 11 16
35 5 10 18
36 5 9 18
37 5 11 12
38 5 9 17
39 5 11 12
40 5 9 17
41 5 11 12
42 5 9 14
43 5 11 14
44 5 11 15
45 5 11 19
46 5 11 12
47 5 11 15
48 5 9 11
49 5 11 17
50 5 10 12
51 5 9 20
52 5 10 15
53 5 10 17
54 5 9 15
55 5 9 15
56 5 9 15
57 5 9 18
58 5 9 20
59 5 9 15
60 5 11 19
61 5 9 18
62 5 9 16
63 5 9 18
64 5 10 16
65 5 10 14
66 5 9 13
67 5 9 20
68 5 9 19
69 5 11 15
70 5 11 13
71 5 9 18
72 5 11 19
73 5 10 11
74 5 9 18
75 5 9 20
76 5 10 17
77 5 9 17
78 5 10 19
79 5 11 12
80 5 9 13
81 5 10 11
82 5 11 19
83 5 11 12
84 5 9 15
85 5 10 16
86 5 10 16
87 5 9 14
88 5 9 15
89 5 10 14
90 5 11 19
91 5 11 14
92 5 9 18
93 5 9 16
94 5 11 20
95 5 9 11
96 5 11 11
97 5 11 15
98 5 9 13
99 5 11 11
100 5 11 16
1 6 9 19
2 6 11 16
3 6 11 16
4 6 9 16
5 6 10 16
6 6 9 17
7 6 11 11
8 6 11 15
9 6 11 15
10 6 10 12
11 6 11 16
12 6 10 20
13 6 11 14
14 6 10 18
15 6 11 16
16 6 9 17
17 6 11 16
18 6 10 13
19 6 9 11
20 6 9 20
21 6 10 18
22 6 10 19
23 6 9 16
24 6 11 20
25 6 11 20
26 6 11 20
27 6 10 18
28 6 9 12
29 6 10 12
30 6 11 13
31 6 9 18
32 6 10 20
33 6 11 20
34 6 11 16
35 6 10 18
36 6 9 18
37 6 11 12
38 6 9 17
39 6 11 12
40 6 9 17
41 6 11 12
42 6 9 14
43 6 11 14
44 6 11 15
45 6 11 19
46 6 11 12
47 6 11 15
48 6 9 11
49 6 11 17
50 6 10 12
51 6 9 20
52 6 10 15
53 6 10 17
54 6 9 15
55 6 9 15
56 6 9 15
57 6 9 18
58 6 9 20
59 6 9 15
60 6 11 19
61 6 9 18
62 6 9 16
63 6 9 18
64 6 10 16
65 6 10 14
66 6 9 13
67 6 9 20
68 6 9 19
69 6 11 15
70 6 11 13
71 6 9 18
72 6 11 19
73 6 10 11
74 6 9 18
75 6 9 20
76 6 10 17
77 6 9 17
78 6 10 19
79 6 11 12
80 6 9 13
81 6 10 11
82 6 11 19
83 6 11 12
84 6 9 15
85 6 10 16
86 6 10 16
87 6 9 14
88 6 9 15
89 6 10 14
90 6 11 19
91 6 11 14
92 6 9 18
93 6 9 16
94 6 11 20
95 6 9 11
96 6 11 11
97 6 11 15
98 6 9 13
99 6 11 11
100 6 11 16
1 7 9 19
2 7 11 16
3 7 11 16
4 7 9 16
5 7 10 16
6 7 9 17
7 7 11 11
8 7 11 15
9 7 11 15
10 7 10 12
11 7 11 16
12 7 10 20
13 7 11 14
14 7 10 18
15 7 11 16
16 7 9 17
17 7 11 16
18 7 10 13
19 7 9 11
20 7 9 20
21 7 10 18
22 7 10 19
23 7 9 16
24 7 11 20
25 7 11 20
26 7 11 20
27 7 10 18
28 7 9 12
29 7 10 12
30 7 11 13
31 7 9 18
32 7 10 20
33 7 11 20
34 7 11 16
35 7 10 18
36 7 9 18
37 7 11 12
38 7 9 17
39 7 11 12
40 7 9 17
41 7 11 12
42 7 9 14
43 7 11 14
44 7 11 15
45 7 11 19
46 7 11 12
47 7 11 15
48 7 9 11
49 7 11 17
50 7 10 12
51 7 9 20
52 7 10 15
53 7 10 17
54 7 9 15
55 7 9 15
56 7 9 15
57 7 9 18
58 7 9 20
59 7 9 15
60 7 11 19
61 7 9 18
62 7 9 16
63 7 9 18
64 7 10 16
65 7 10 14
66 7 9 13
67 7 9 20
68 7 9 19
69 7 11 15
70 7 11 13
71 7 9 18
72 7 11 19
73 7 10 11
74 7 9 18
75 7 9 20
76 7 10 17
77 7 9 17
78 7 10 19
79 7 11 12
80 7 9 13
81 7 10 11
82 7 11 19
83 7 11 12
84 7 9 15
85 7 10 16
86 7 10 16
87 7 9 14
88 7 9 15
89 7 10 14
90 7 11 19
91 7 11 14
92 7 9 18
93 7 9 16
94 7 11 20
95 7 9 11
96 7 11 11
97 7 11 15
98 7 9 13
99 7 11 11
100 7 11 16